2.12100405700000	1.50705689000000,
2.35229041800000	1.53384631400000,
0.487031540000000	0.66543449300000,
3.34628799300000	1.85366544800000,
3.23285737900000	1.74609122900000,
3.09142918100000	1.77619125200000,
3.16167247800000	1.80891778700000,
2.30897878500000	1.60404224300000,
3.65071085300000	1.78074826900000,
3.20504172700000	1.77364165400000,
0.252350181000000	0.52553222000000,
3.85363468200000	1.90907363200000,
1.36460907000000	1.20840181500000,
0.791612323000000	0.87551249600000,
3.64249359900000	1.83080685000000,
3.81320158200000	1.96929703900000,
0.983214013000000	0.96411075500000,
1.29226512000000	1.22610819500000,
3.60759297900000	1.88528891400000,
3.77574439800000	1.92355410900000,
0.330886347000000	0.54727986100000,
2.70930577900000	1.64004466400000,
0.418577253000000	0.54624882500000,
1.52772183200000	1.17705588300000,
3.65858904400000	1.97939059100000,
0.748837398000000	0.82472945200000,
2.75139048000000	1.59388648000000,
0.730664684000000	0.86130291500000,
2.85294366300000	1.68894157000000,
2.95379856700000	1.71502122400000,
0.469977791000000	0.73875816700000,
2.99032348400000	1.76739403400000,
0.704606435000000	0.92943041000000,
2.09371720000000	1.39685225200000,
1.14430092100000	0.97842453400000,
1.32633124900000	1.18186065200000,
2.57666399100000	1.53300965300000,
1.36350731300000	1.16894120800000,
3.73227671000000	1.97552663700000,
1.51180613800000	1.25244940200000,
3.40254926700000	1.78417144200000,
1.72967783800000	1.30594406500000,
3.91067933200000	2.03927477500000,
3.04766456200000	1.75585737300000,
1.44608914400000	1.19138497400000,
1.38126509200000	1.11273413400000,
1.01640195400000	1.11117237500000,
2.12953096100000	1.43530861200000,
0.249778528000000	0.47689185100000,
2.17447710300000	1.47921922600000,
0.0626199930000000	0.20892482600000,
0.694747137000000	0.78739578800000,
0.744468231000000	0.88161565600000,
0.907116520000000	0.88304383300000,
3.04950692200000	1.67275632300000,
1.04276694400000	0.99641853500000,
2.23498207300000	1.48746461900000,
3.14852720500000	1.74334111400000,
1.26203665900000	1.05555731400000,
2.17568880800000	1.45729484500000,
0.274548774000000	0.53197266100000,
3.50091310200000	1.82686745900000,
3.20225243200000	1.84137428400000,
2.34780745500000	1.56724278100000,
0.421804192000000	0.63469050300000,
3.15320978900000	1.77641150900000,
1.63331149300000	1.29387536100000,
2.34376639100000	1.51085068400000,
0.638732018000000	0.83157529500000,
2.53945975000000	1.58295456400000,
2.55541931200000	1.61144296100000,
2.33189158000000	1.56056798700000,
1.45806961900000	1.26403982600000,
1.58646430600000	1.25215653400000,
0.353038725000000	0.66017233100000,
2.33932328700000	1.43122672600000,
0.595562954000000	0.77263729900000,
0.640642747000000	0.77663980400000,
0.125903555000000	0.35583926800000,
2.51377553700000	1.56030857300000,
2.05015321800000	1.42384542200000,
2.53225493600000	1.48367033800000,
3.00103000000000	1.78084699400000,
1.38706909900000	1.17352120100000,
1.64427911500000	1.29285022700000,
0.575112985000000	0.76050905600000,
2.51590484700000	1.59568067900000,
1.07771371600000	1.08558046000000,
3.93265553700000	2.01164175600000,
3.11684803200000	1.76646215300000,
2.63910035300000	1.67363254600000,
1.44396827000000	1.23755291700000,
2.13146009800000	1.38001317500000,
0.957995120000000	0.96009873200000,
1.10800645000000	1.05307462300000,
2.16336027800000	1.45311944200000,
3.76140547700000	1.90792325900000,
3.36421229600000	1.81847956500000,
2.53206764300000	1.58127267900000,
0.928547787000000	0.89644825500000,
1.13887492400000	1.04341847700000,
3.94807700300000	1.96822065500000,
1.85253722300000	1.44633803800000,
2.37256997600000	1.53096516100000,
3.50513987200000	1.78757238400000,
3.68277162600000	1.85603296000000,
1.03923912300000	0.97330817800000,
2.03798779400000	1.42233105000000,
0.402135391000000	0.62948655400000,
0.448805626000000	0.72533245100000,
2.87528480900000	1.64795223400000,
0.351263926000000	0.67629339100000,
0.477891036000000	0.75787971500000,
0.400921804000000	0.68114649500000,
1.16354611400000	1.12541507600000,
1.34126841600000	1.11083656100000,
3.12238865300000	1.78324160000000,
2.03285692500000	1.42212949700000,
1.39574974000000	1.18505214500000,
1.62527009700000	1.34650719800000,
1.58249276500000	1.20776263900000,
2.71213442600000	1.62011970400000,
3.50105476600000	1.96338889500000,
2.59036104800000	1.58147682100000,
1.09394665200000	1.03568054400000,
0.624707839000000	0.75694877800000,
1.61719879900000	1.20386369200000,
3.38578718700000	1.86154037000000,
0.987298799000000	1.01633277700000,
0.171779389000000	0.44989987700000,
2.86499171200000	1.65874964000000,
2.52686935400000	1.56648881900000,
2.32900621000000	1.42504998600000,
3.77645906400000	1.95958361400000,
1.46808621600000	1.19164188700000,
1.19491156200000	1.04756236000000,
3.80295507900000	2.00372289400000,
3.94862723700000	1.90774200300000,
2.47923066900000	1.50216758000000,
3.11571838900000	1.80749653400000,
1.20682661000000	1.14110453200000,
1.07259505900000	1.04367812900000,
1.48411901800000	1.11257588600000,
1.84391913900000	1.36356265900000,
3.89055708000000	2.03070617800000,
1.77280211500000	1.30236147600000,
1.22886565200000	1.13419202100000,
0.724010928000000	0.82050654000000,
3.02089264100000	1.61815796000000,
1.11120994200000	1.06634358800000,
3.25532728600000	1.79405018400000,
3.63841120600000	1.90139007200000,
3.49103863100000	1.84694102800000,
2.48870614800000	1.54696999400000,
2.57401354900000	1.58151056800000,
1.08118376200000	1.05200200400000,
0.135317833000000	0.38624964900000,
0.689188012000000	0.91180122700000,
2.07098879300000	1.52982193100000,
1.84936036000000	1.33067267600000,
3.25884058600000	1.80400523100000,
0.361370902000000	0.66997327200000,
2.90689007700000	1.79669198400000,
0.625065416000000	0.73496742000000,
1.21267426500000	1.09797651400000,
3.86784182200000	1.95645466800000,
0.0366835860000000	0.33677082800000,
1.14445187800000	1.01602136100000,
1.38381752500000	1.15775101600000,
3.61716276000000	1.90822093300000,
3.30912557600000	1.81054390500000,
2.61324489800000	1.54900801600000,
2.43264237600000	1.53198728400000,
2.72353965000000	1.61513896400000,
2.50022937600000	1.50517378500000,
0.631904992000000	0.79271302800000,
2.35523898000000	1.53592808900000,
2.77585118300000	1.71753428700000,
1.30651765200000	1.15300179500000,
2.32120718500000	1.50128496700000,
2.33601597800000	1.47429264100000,
1.75602460800000	1.27744695900000,
0.641581179000000	0.87016854400000,
2.59808459200000	1.57237720400000,
1.46102912400000	1.19206723800000,
2.44465394300000	1.53863876700000,
1.15923066700000	1.06942918800000,
1.41157936300000	1.20350633300000,
1.04135180200000	1.02190174300000,
3.67163790900000	1.91536834700000,
2.10425312600000	1.46414172500000,
3.00775228800000	1.73433639400000,
0.450177941000000	0.72426685800000,
2.99965118900000	1.67092513300000,
3.10105169600000	1.76899625200000,
0.706746386000000	0.77182252300000,
3.13747562400000	1.85066560200000,
3.24579215700000	1.76985022600000,
2.72885678900000	1.68854715400000,
0.351942827000000	0.59331509300000,
0.739544922000000	0.87416250700000,
0.150954666000000	0.33530789400000,
2.76553863900000	1.66875765600000,
1.96953371900000	1.33175333600000,
2.31478081200000	1.47675189400000,
2.28981061700000	1.44967363300000,
0.809229054000000	0.94371013400000,
0.409428656000000	0.65409595000000,
1.23301088300000	1.12174412600000,
2.41091460900000	1.50400738900000,
1.26395443200000	1.09455436600000,
0.0688260050000000	0.25908625200000,
3.01693175500000	1.76556469700000,
0.302071704000000	0.53139982100000,
1.61689016800000	1.20297639200000,
1.95506603200000	1.37637069400000,
2.64968390700000	1.58081812600000,
0.0116675800000000	0.10084593300000,
0.269031355000000	0.49958015800000,
2.73067860000000	1.55467722800000,
2.15676147000000	1.55652407100000,
2.79563842800000	1.67417928400000,
3.57617734600000	1.94057105400000,
0.148018008000000	0.29855387200000,
2.71543147300000	1.58077522400000,
2.18083480200000	1.52204050900000,
1.75879844000000	1.32965502700000,
0.0452208580000000	0.18115365800000,
0.403867194000000	0.64211126200000,
3.66225961700000	1.86185990100000,
0.992857720000000	0.96550992400000,
2.08573680300000	1.47608330200000,
0.362526136000000	0.60243076000000,
3.13655602700000	1.71034368000000,
2.90186402600000	1.69295415600000,
2.39254304200000	1.51473680700000,
2.05591778800000	1.47725192300000,
1.36696933500000	1.16065539400000,
1.03414226300000	1.08032458900000,
0.421845737000000	0.59547227900000,
2.15873208000000	1.41167584400000,
1.00580790100000	1.01487818200000,
3.14810589200000	1.76010158800000,
3.51148615600000	1.74602779100000,
2.13760530400000	1.45196719600000,
0.648528972000000	0.86031932400000,
2.66741318200000	1.57302285300000,
2.42475442200000	1.52339090200000,
3.72327515400000	1.92317576900000,
0.0708735340000000	0.28421672600000,
1.60706617000000	1.25002220900000,
0.266035424000000	0.49571033900000,
2.29394014900000	1.53374468900000,
2.45848120700000	1.54979932600000,
0.170761963000000	0.33851826200000,
2.15645353400000	1.56761471800000,
3.76719952700000	1.97453640400000,
1.58895007100000	1.11677762900000,
3.75742060100000	1.93473011200000,
1.07182939000000	1.18591363800000,
2.58028250700000	1.57144086400000,
0.612207126000000	0.72456812900000,
3.77408733400000	1.98716862000000,
3.42016165900000	1.85524222200000,
3.00496804800000	1.70478448500000,
2.46478664400000	1.57504824200000,
2.55667393600000	1.55182151000000,
2.86213471800000	1.71102447200000,
3.26109815900000	1.76499454000000,
3.07976312300000	1.71806328600000,
3.60834326900000	1.87588257800000,
2.84843084500000	1.65027588000000,
3.07654761000000	1.69096225100000,
2.44082691100000	1.57726628200000,
3.42702027600000	1.79076883400000,
3.19880234900000	1.80250557600000,
1.17343065000000	1.12254470000000,
2.60685264400000	1.74583928100000,
3.65958446400000	1.93082416700000,
2.98968340400000	1.67179828800000,
2.96639474700000	1.74567891300000,
1.23517593900000	1.03176908200000,
0.320304346000000	0.54745760100000,
1.00785516300000	1.01814751500000,
0.835876392000000	0.85909923900000,
2.38493279500000	1.49564586500000,
3.16050969400000	1.77925511300000,
3.47888894300000	1.95240435900000,
2.75786838300000	1.64191540000000,
3.60316863200000	1.81062530100000,
3.00179340500000	1.76783909100000,
0.0355659470000000	0.21314828800000,
1.64623602700000	1.33843848700000,
3.62655413300000	1.93124229900000,
3.36539850400000	1.89524901300000,
0.648744375000000	0.83699884100000,
3.75653670700000	1.96454318000000,
3.38419906600000	1.79970338400000,
1.38194117900000	1.05322367400000,
3.35916530500000	1.87899685700000,
1.36924422100000	1.14388049500000,
1.48005989400000	1.17839539800000,
2.85128922000000	1.62005663200000,
3.52599840600000	1.89054801100000,
3.58589877500000	1.88630560300000,
1.80697485100000	1.41038542800000,
2.17273983200000	1.48414402500000,
0.0997133130000000	0.35108229900000,
3.17266952700000	1.67262397600000,
1.74546369000000	1.29640205100000,
0.771787781000000	0.90770047100000,
1.54619034700000	1.25773724900000,
1.93701774500000	1.35732245500000,
3.59533797400000	1.87629002600000,
1.66499416300000	1.27158546100000,
3.45822511400000	1.77842313000000,
0.561723241000000	0.74457539100000,
1.89272323900000	1.36973114700000,
2.41934754100000	1.54070094300000,
2.11693645100000	1.48205718800000,
1.58698116100000	1.28303607700000,
0.579751079000000	0.77995051000000,
1.85955256500000	1.33660192200000,
2.94345443000000	1.75524454500000,
3.13082526900000	1.64040494600000,
1.34337114200000	1.24303288400000,
1.43454496800000	1.24014021800000,
3.97781687100000	1.98563746000000,
0.0791344490000000	0.28525553400000,
3.21920545200000	1.77131494900000,
1.57145979800000	1.18940067600000,
0.761301176000000	0.92267966100000,
0.404835145000000	0.56036088500000,
2.97274719100000	1.72645106100000,
0.898467256000000	0.97916549300000,
0.495635103000000	0.64302261600000,
1.79823759500000	1.37466614600000,
0.432062010000000	0.67355781700000,
1.54726376800000	1.33339021800000,
3.17092362000000	1.78381288000000,
2.43330551900000	1.57116156300000,
1.69816975000000	1.45151503800000,
0.372574301000000	0.64728292600000,
2.50216425500000	1.67468610600000,
2.92403917900000	1.75048980000000,
0.636917473000000	0.87804781000000,
2.55643825200000	1.71668813800000,
2.76656390000000	1.64070252300000,
3.04595729800000	1.82916481300000,
0.171933694000000	0.31651270800000,
2.80895865700000	1.65509256600000,
2.39314131000000	1.59794447600000,
1.99379199600000	1.46440736900000,
2.12637978300000	1.44499657900000,
3.04179603900000	1.77828632500000,
0.546329832000000	0.71561916500000,
1.70246666100000	1.30063707800000,
1.68528876500000	1.28283630700000,
1.18153751000000	1.04535693000000,
0.829284285000000	0.90581582200000,
0.0654293040000000	0.27134418000000,
2.49913323000000	1.64488440100000,
3.89723043800000	1.94875048300000,
0.842308474000000	0.97170617700000,
3.37258901200000	1.87689962400000,
1.82330541200000	1.30771319100000,
3.77479560400000	1.94124135900000,
3.47651935900000	1.81189081800000,
0.192271385000000	0.38537803300000,
2.06118621600000	1.36152550200000,
2.92924790200000	1.73743663700000,
1.66310976400000	1.33813602800000,
3.13770246700000	1.80884839600000,
0.904265907000000	0.92599025000000,
3.80968352700000	1.86423847800000,
1.74022251900000	1.30685669500000,
0.0997773960000000	0.28280793000000,
3.30255605700000	1.90170490300000,
2.18100734100000	1.51849498300000,
0.152468729000000	0.43679706000000,
2.45304561000000	1.60136751100000,
3.98451246700000	1.92257275000000,
1.54467884500000	1.23186776400000,
3.51820450400000	1.83618965100000,
1.06166015000000	0.95464064200000,
3.53923197600000	1.86954759100000,
0.504716348000000	0.64457586300000,
1.36525787600000	1.20282058200000,
0.741747335000000	0.88337265900000,
1.72183329000000	1.37850831900000,
1.74111904200000	1.36762777500000,
2.71128388700000	1.69766481900000,
1.74463278600000	1.27822603100000,
1.84150804100000	1.28690943000000,
3.48180977900000	1.78517742100000,
2.26883874600000	1.51097938200000,
1.63207873800000	1.33684852600000,
0.315209218000000	0.54547225200000,
1.60286382800000	1.25158141200000,
2.83353715200000	1.75434620800000,
1.84422028700000	1.28054470600000,
0.694677783000000	0.77435192800000,
2.79290234400000	1.57436444500000,
2.97818854900000	1.92575379400000,
2.03519578800000	1.46780449100000,
1.25457284400000	0.99042424500000,
3.92396110900000	1.98604719000000,
3.66131993300000	1.92706529100000,
2.20728880600000	1.45086815000000,
1.17883167900000	1.15188715500000,
3.87412233900000	1.97080096400000,
2.16066568200000	1.58998541900000,
3.40623462900000	1.84847209600000,
3.47829100400000	1.85405673400000,
2.63275504600000	1.56706518100000,
0.311091510000000	0.60178604800000,
1.73310371300000	1.35054386200000,
1.70822054100000	1.28918122900000,
0.719576959000000	0.96890760500000,
2.65533784900000	1.59135182400000,
2.30266673000000	1.49891060300000,
2.06772808100000	1.44305086000000,
0.378417504000000	0.64611304000000,
3.96019449800000	2.00423540100000,
2.24120770700000	1.51157474300000,
2.57913971600000	1.60165002600000,
2.63896065500000	1.57662669600000,
2.22837454400000	1.44062794100000,
1.02524180600000	0.94450462800000,
0.400654929000000	0.62677176400000,
0.314788637000000	0.53490472100000,
2.54277053700000	1.56580060200000,
2.91451055000000	1.70739785500000,
1.48467756800000	1.19897045300000,
0.842490586000000	0.86636669600000,
2.73866298600000	1.72156553300000,
0.954148593000000	0.90716299600000,
1.97077690700000	1.35640419700000,
0.222678016000000	0.45257066300000,
0.652412832000000	0.77802043600000,
0.839983575000000	0.95301073500000,
1.27379726300000	1.14214926700000,
3.58126586100000	1.83313673300000,
2.29378307200000	1.49898620300000,
0.776221996000000	0.83563137100000,
3.20712103800000	1.73108802600000,
2.20062246200000	1.54998150800000,
2.31694984200000	1.59967351500000,
0.410663676000000	0.65685685700000,
1.98354685200000	1.39539834300000,
2.64248976500000	1.76349681000000,
1.87017590700000	1.31501195200000,
1.94382025800000	1.37441800800000,
0.485329069000000	0.68801816600000,
3.40762129600000	1.85200201200000,
0.0474740800000000	0.28791412200000,
1.43499783100000	1.26111917200000,
1.69334639100000	1.21668069300000,
2.35133389700000	1.47001316200000,
2.56901537800000	1.60332733400000,
0.623160669000000	0.84261276800000,
2.75906227200000	1.65849055900000,
1.90926526800000	1.40161256700000,
3.55650261600000	1.83020463900000,
1.03084625700000	1.11290687000000,
3.85920253500000	1.97893894200000,
0.643418650000000	0.80692843900000,
0.0906514210000000	0.28137265600000,
1.10251038000000	1.19035543800000,
3.18908570100000	1.79760588500000,
0.485669318000000	0.67543509400000,
3.92540555000000	1.90896419100000,
3.92956591000000	2.00210219400000,
0.276295131000000	0.48237130300000,
2.00450395800000	1.52033111900000,
3.98685181800000	1.93140932300000,
3.38676987900000	1.84507367700000,
1.04421879700000	0.92112635900000,
3.83760221300000	1.93694048000000,
3.23120174500000	1.78013812700000,
2.92558503300000	1.67866298200000,
3.21461704200000	1.81678239100000,
3.77412523800000	1.90627213200000,
0.927589216000000	1.01692968200000,
1.20099326400000	1.10821462600000,
1.21903623700000	1.10611722200000,
2.40082104900000	1.61165957100000,
3.87011575600000	1.95921305200000,
1.44782950600000	1.14852601300000,
1.40057206200000	1.21148277100000,
1.28120665600000	1.06326811400000,
1.48208767500000	1.19645754700000,
1.48576043400000	1.24791120500000,
1.33628610200000	1.12307979500000,
2.85196916200000	1.67268206600000,
2.02026824700000	1.36801695600000,
3.41187423800000	1.95599099400000,
1.18475110800000	1.15392455700000,
3.65456799600000	1.94820586600000,
1.01814170000000	1.07086471200000,
2.12100405700000	-1.5189495920000,
2.35229041800000	-1.4864389010000,
0.487031540000000	-0.6667117750000,
3.34628799300000	-1.7733867120000,
3.23285737900000	-1.7670326780000,
3.09142918100000	-1.7744025420000,
3.16167247800000	-1.8139029230000,
2.30897878500000	-1.5260385220000,
3.65071085300000	-1.8977385870000,
3.20504172700000	-1.7371689190000,
0.252350181000000	-0.5204500060000,
3.85363468200000	-2.0130848050000,
1.36460907000000	-1.1453139600000,
0.791612323000000	-0.8496425190000,
3.64249359900000	-1.8138190940000,
3.81320158200000	-1.9695992000000,
0.983214013000000	-0.9195331510000,
1.29226512000000	-1.1779421920000,
3.60759297900000	-1.8638060360000,
3.77574439800000	-1.9137903800000,
0.330886347000000	-0.5410031540000,
2.70930577900000	-1.6621164790000,
0.418577253000000	-0.6158838690000,
1.52772183200000	-1.2641574810000,
3.65858904400000	-1.8116788720000,
0.748837398000000	-0.8681812060000,
2.75139048000000	-1.5866098670000,
0.730664684000000	-0.8614780820000,
2.85294366300000	-1.7451185080000,
2.95379856700000	-1.7467680890000,
0.469977791000000	-0.7028342560000,
2.99032348400000	-1.6885780670000,
0.704606435000000	-0.7843244920000,
2.09371720000000	-1.4314054430000,
1.14430092100000	-1.0883615200000,
1.32633124900000	-1.1775597110000,
2.57666399100000	-1.6239097850000,
1.36350731300000	-1.1711626430000,
3.73227671000000	-1.9819355300000,
1.51180613800000	-1.1904105110000,
3.40254926700000	-1.7650546480000,
1.72967783800000	-1.2770738550000,
3.91067933200000	-1.9857087580000,
3.04766456200000	-1.8058281010000,
1.44608914400000	-1.2138651640000,
1.38126509200000	-1.1987221890000,
1.01640195400000	-1.0458545700000,
2.12953096100000	-1.4391529910000,
0.249778528000000	-0.5625523970000,
2.17447710300000	-1.5692984980000,
0.0626199930000000	-0.2334133130000,
0.694747137000000	-0.8161662070000,
0.744468231000000	-0.8781454860000,
0.907116520000000	-0.9461673670000,
3.04950692200000	-1.7522382300000,
1.04276694400000	-0.9574080100000,
2.23498207300000	-1.4627782950000,
3.14852720500000	-1.7291618530000,
1.26203665900000	-1.1288560840000,
2.17568880800000	-1.5043213780000,
0.274548774000000	-0.5743378640000,
3.50091310200000	-1.8826322480000,
3.20225243200000	-1.7662417470000,
2.34780745500000	-1.5208459950000,
0.421804192000000	-0.6623206980000,
3.15320978900000	-1.9143863050000,
1.63331149300000	-1.3398980690000,
2.34376639100000	-1.4958247890000,
0.638732018000000	-0.7447287160000,
2.53945975000000	-1.6051670850000,
2.55541931200000	-1.5959919750000,
2.33189158000000	-1.6012224850000,
1.45806961900000	-1.1466471850000,
1.58646430600000	-1.2439413310000,
0.353038725000000	-0.5355243290000,
2.33932328700000	-1.4909825750000,
0.595562954000000	-0.7625282380000,
0.640642747000000	-0.7610901340000,
0.125903555000000	-0.3912682660000,
2.51377553700000	-1.6024339140000,
2.05015321800000	-1.4074116580000,
2.53225493600000	-1.5882619110000,
3.00103000000000	-1.7019762640000,
1.38706909900000	-1.2352217500000,
1.64427911500000	-1.2044982230000,
0.575112985000000	-0.7180004350000,
2.51590484700000	-1.6045418330000,
1.07771371600000	-1.0616159240000,
3.93265553700000	-1.9534008340000,
3.11684803200000	-1.7746292940000,
2.63910035300000	-1.6086409610000,
1.44396827000000	-1.1615051350000,
2.13146009800000	-1.4122550780000,
0.957995120000000	-1.0111075360000,
1.10800645000000	-1.0753565220000,
2.16336027800000	-1.4058343890000,
3.76140547700000	-1.9646484070000,
3.36421229600000	-1.8554070670000,
2.53206764300000	-1.5772043550000,
0.928547787000000	-1.0731371850000,
1.13887492400000	-0.9930256970000,
3.94807700300000	-1.9243609830000,
1.85253722300000	-1.3277967480000,
2.37256997600000	-1.5668726730000,
3.50513987200000	-1.7889966070000,
3.68277162600000	-1.8495128720000,
1.03923912300000	-1.1292060630000,
2.03798779400000	-1.4042545510000,
0.402135391000000	-0.6697197800000,
0.448805626000000	-0.7455303220000,
2.87528480900000	-1.6636530650000,
0.351263926000000	-0.6792148580000,
0.477891036000000	-0.6647751160000,
0.400921804000000	-0.6848037480000,
1.16354611400000	-1.0950401730000,
1.34126841600000	-1.1443629020000,
3.12238865300000	-1.7566082770000,
2.03285692500000	-1.4140280760000,
1.39574974000000	-1.1854406900000,
1.62527009700000	-1.2735457180000,
1.58249276500000	-1.1937711010000,
2.71213442600000	-1.6838963270000,
3.50105476600000	-1.8179759270000,
2.59036104800000	-1.5875404400000,
1.09394665200000	-1.0384554000000,
0.624707839000000	-0.7949920040000,
1.61719879900000	-1.2133568150000,
3.38578718700000	-1.8013048220000,
0.987298799000000	-1.0002145970000,
0.171779389000000	-0.3326574020000,
2.86499171200000	-1.7040297300000,
2.52686935400000	-1.5906267350000,
2.32900621000000	-1.6158270420000,
3.77645906400000	-1.9350408770000,
1.46808621600000	-1.1933442430000,
1.19491156200000	-1.1046725850000,
3.80295507900000	-1.9356910250000,
3.94862723700000	-1.8998766360000,
2.47923066900000	-1.5508814260000,
3.11571838900000	-1.8026231230000,
1.20682661000000	-1.0062820670000,
1.07259505900000	-0.9702643450000,
1.48411901800000	-1.1923748140000,
1.84391913900000	-1.3753384870000,
3.89055708000000	-2.0056255240000,
1.77280211500000	-1.3316572330000,
1.22886565200000	-1.0558669740000,
0.724010928000000	-0.8799224830000,
3.02089264100000	-1.7314446190000,
1.11120994200000	-1.2223344050000,
3.25532728600000	-1.7852715230000,
3.63841120600000	-1.9518680380000,
3.49103863100000	-1.9031295460000,
2.48870614800000	-1.5912548560000,
2.57401354900000	-1.6137368600000,
1.08118376200000	-1.1116930900000,
0.135317833000000	-0.3864170790000,
0.689188012000000	-0.8933541100000,
2.07098879300000	-1.4116893580000,
1.84936036000000	-1.3181346390000,
3.25884058600000	-1.8507298110000,
0.361370902000000	-0.6081138650000,
2.90689007700000	-1.6845233610000,
0.625065416000000	-0.7810177830000,
1.21267426500000	-1.1690709840000,
3.86784182200000	-1.8772879790000,
0.0366835860000000	-0.1519446670000,
1.14445187800000	-1.0973624980000,
1.38381752500000	-1.1626593390000,
3.61716276000000	-1.9031840410000,
3.30912557600000	-1.7787244020000,
2.61324489800000	-1.6181016790000,
2.43264237600000	-1.6429986160000,
2.72353965000000	-1.7063089240000,
2.50022937600000	-1.6368760380000,
0.631904992000000	-0.7716194930000,
2.35523898000000	-1.5165215080000,
2.77585118300000	-1.6104056750000,
1.30651765200000	-1.1746063610000,
2.32120718500000	-1.5330762130000,
2.33601597800000	-1.5572928560000,
1.75602460800000	-1.3258682200000,
0.641581179000000	-0.8853964170000,
2.59808459200000	-1.6375285780000,
1.46102912400000	-1.2642996740000,
2.44465394300000	-1.5229728030000,
1.15923066700000	-1.1862456030000,
1.41157936300000	-1.1857828900000,
1.04135180200000	-1.0767148750000,
3.67163790900000	-1.8621715600000,
2.10425312600000	-1.3992732590000,
3.00775228800000	-1.7794231910000,
0.450177941000000	-0.6601033070000,
2.99965118900000	-1.7986427660000,
3.10105169600000	-1.7728933290000,
0.706746386000000	-0.7924576130000,
3.13747562400000	-1.8118827780000,
3.24579215700000	-1.7588130320000,
2.72885678900000	-1.6837559990000,
0.351942827000000	-0.6239277630000,
0.739544922000000	-0.9049122460000,
0.150954666000000	-0.3810388450000,
2.76553863900000	-1.6933473510000,
1.96953371900000	-1.4117603480000,
2.31478081200000	-1.4799012900000,
2.28981061700000	-1.4503297100000,
0.809229054000000	-0.9678789180000,
0.409428656000000	-0.6379107440000,
1.23301088300000	-1.0959445990000,
2.41091460900000	-1.5029582530000,
1.26395443200000	-1.0964140500000,
0.0688260050000000	-0.2645159350000,
3.01693175500000	-1.7918248850000,
0.302071704000000	-0.5403079670000,
1.61689016800000	-1.2057420850000,
1.95506603200000	-1.3494899850000,
2.64968390700000	-1.6372854120000,
0.0116675800000000	-0.0673263850000,
0.269031355000000	-0.4738498010000,
2.73067860000000	-1.6849720100000,
2.15676147000000	-1.4912948760000,
2.79563842800000	-1.6883472470000,
3.57617734600000	-1.8456463760000,
0.148018008000000	-0.3814847730000,
2.71543147300000	-1.6929314800000,
2.18083480200000	-1.5031781650000,
1.75879844000000	-1.3693700550000,
0.0452208580000000	-0.1939656670000,
0.403867194000000	-0.7119567810000,
3.66225961700000	-1.9441050290000,
0.992857720000000	-0.9026637690000,
2.08573680300000	-1.4713736300000,
0.362526136000000	-0.6265503700000,
3.13655602700000	-1.8219193570000,
2.90186402600000	-1.7362165820000,
2.39254304200000	-1.4884945330000,
2.05591778800000	-1.3802159470000,
1.36696933500000	-1.2106248590000,
1.03414226300000	-0.9227142030000,
0.421845737000000	-0.6304594490000,
2.15873208000000	-1.3633991440000,
1.00580790100000	-0.9763181040000,
3.14810589200000	-1.7703452250000,
3.51148615600000	-1.8689843550000,
2.13760530400000	-1.5301767430000,
0.648528972000000	-0.7913119480000,
2.66741318200000	-1.6285612790000,
2.42475442200000	-1.5542385850000,
3.72327515400000	-1.9451399890000,
0.0708735340000000	-0.1210115480000,
1.60706617000000	-1.2826004970000,
0.266035424000000	-0.6450558670000,
2.29394014900000	-1.5427458340000,
2.45848120700000	-1.5511815800000,
0.170761963000000	-0.3878929450000,
2.15645353400000	-1.5813903190000,
3.76719952700000	-1.9872907210000,
1.58895007100000	-1.2811152720000,
3.75742060100000	-1.9931616500000,
1.07182939000000	-1.0673954790000,
2.58028250700000	-1.6443844170000,
0.612207126000000	-0.7574680470000,
3.77408733400000	-1.9347347010000,
3.42016165900000	-1.8256021090000,
3.00496804800000	-1.7677306730000,
2.46478664400000	-1.6521371740000,
2.55667393600000	-1.6252979180000,
2.86213471800000	-1.7317398640000,
3.26109815900000	-1.7977324200000,
3.07976312300000	-1.6954443180000,
3.60834326900000	-1.8831922070000,
2.84843084500000	-1.5643324250000,
3.07654761000000	-1.7831586410000,
2.44082691100000	-1.5552987250000,
3.42702027600000	-1.9377150220000,
3.19880234900000	-1.7849206760000,
1.17343065000000	-1.0798941050000,
2.60685264400000	-1.5696143990000,
3.65958446400000	-1.9363086060000,
2.98968340400000	-1.7445344860000,
2.96639474700000	-1.7739217510000,
1.23517593900000	-1.1942510830000,
0.320304346000000	-0.5794608590000,
1.00785516300000	-1.0621795900000,
0.835876392000000	-0.8598824630000,
2.38493279500000	-1.5579651860000,
3.16050969400000	-1.7369377430000,
3.47888894300000	-1.8355911450000,
2.75786838300000	-1.6871375420000,
3.60316863200000	-1.7920848200000,
3.00179340500000	-1.7802343380000,
0.0355659470000000	-0.1413963650000,
1.64623602700000	-1.2956413760000,
3.62655413300000	-1.8812114630000,
3.36539850400000	-1.8077845410000,
0.648744375000000	-0.8493787550000,
3.75653670700000	-1.9426278050000,
3.38419906600000	-1.7618159840000,
1.38194117900000	-1.1228316830000,
3.35916530500000	-1.7820104820000,
1.36924422100000	-1.2050352330000,
1.48005989400000	-1.2179305390000,
2.85128922000000	-1.6485032460000,
3.52599840600000	-1.9502031880000,
3.58589877500000	-1.8563945800000,
1.80697485100000	-1.3864410420000,
2.17273983200000	-1.4406390030000,
0.0997133130000000	-0.3210961260000,
3.17266952700000	-1.7645598970000,
1.74546369000000	-1.3484841830000,
0.771787781000000	-0.9457206120000,
1.54619034700000	-1.1870264400000,
1.93701774500000	-1.4077070910000,
3.59533797400000	-1.8424716230000,
1.66499416300000	-1.3039781480000,
3.45822511400000	-1.8977856670000,
0.561723241000000	-0.7503624800000,
1.89272323900000	-1.3583518920000,
2.41934754100000	-1.5301429080000,
2.11693645100000	-1.4571361610000,
1.58698116100000	-1.2214225590000,
0.579751079000000	-0.7510204750000,
1.85955256500000	-1.3284671400000,
2.94345443000000	-1.6786931960000,
3.13082526900000	-1.7404324760000,
1.34337114200000	-1.1907331610000,
1.43454496800000	-1.1961791100000,
3.97781687100000	-2.0273432420000,
0.0791344490000000	-0.3459682330000,
3.21920545200000	-1.8424147750000,
1.57145979800000	-1.2224424980000,
0.761301176000000	-0.8614430030000,
0.404835145000000	-0.6275378720000,
2.97274719100000	-1.7007299020000,
0.898467256000000	-0.9644847890000,
0.495635103000000	-0.7189003380000,
1.79823759500000	-1.2890067770000,
0.432062010000000	-0.6650162140000,
1.54726376800000	-1.3044397080000,
3.17092362000000	-1.7850911240000,
2.43330551900000	-1.6358755750000,
1.69816975000000	-1.3658151570000,
0.372574301000000	-0.6184289720000,
2.50216425500000	-1.6077091160000,
2.92403917900000	-1.7403015530000,
0.636917473000000	-0.9417201840000,
2.55643825200000	-1.5812685320000,
2.76656390000000	-1.7067450150000,
3.04595729800000	-1.7016721200000,
0.171933694000000	-0.4680065170000,
2.80895865700000	-1.6465056440000,
2.39314131000000	-1.5148862720000,
1.99379199600000	-1.4325847400000,
2.12637978300000	-1.4696225760000,
3.04179603900000	-1.7541672770000,
0.546329832000000	-0.7007660500000,
1.70246666100000	-1.2825900140000,
1.68528876500000	-1.2735361950000,
1.18153751000000	-1.1016640320000,
0.829284285000000	-0.9024306950000,
0.0654293040000000	-0.2286087680000,
2.49913323000000	-1.5153423700000,
3.89723043800000	-1.9203446530000,
0.842308474000000	-0.8860826280000,
3.37258901200000	-1.8438104020000,
1.82330541200000	-1.3614567090000,
3.77479560400000	-1.8915250520000,
3.47651935900000	-1.9008264280000,
0.192271385000000	-0.3748925430000,
2.06118621600000	-1.3122830960000,
2.92924790200000	-1.6634921950000,
1.66310976400000	-1.2661799210000,
3.13770246700000	-1.7152344410000,
0.904265907000000	-0.8851685000000,
3.80968352700000	-1.9894779580000,
1.74022251900000	-1.3408332910000,
0.0997773960000000	-0.3455111430000,
3.30255605700000	-1.7682245580000,
2.18100734100000	-1.4795196760000,
0.152468729000000	-0.3409584150000,
2.45304561000000	-1.5797132580000,
3.98451246700000	-1.9644331760000,
1.54467884500000	-1.2978646490000,
3.51820450400000	-1.8296264440000,
1.06166015000000	-1.0537321480000,
3.53923197600000	-1.8094371180000,
0.504716348000000	-0.6545712770000,
1.36525787600000	-1.2400662960000,
0.741747335000000	-0.8949689560000,
1.72183329000000	-1.3793151800000,
1.74111904200000	-1.3288216870000,
2.71128388700000	-1.7486589690000,
1.74463278600000	-1.2486845370000,
1.84150804100000	-1.3732735520000,
3.48180977900000	-1.8567185690000,
2.26883874600000	-1.4674493410000,
1.63207873800000	-1.3186862310000,
0.315209218000000	-0.6216480540000,
1.60286382800000	-1.1919064430000,
2.83353715200000	-1.7130651310000,
1.84422028700000	-1.3741981640000,
0.694677783000000	-0.8806579110000,
2.79290234400000	-1.6480193880000,
2.97818854900000	-1.7119605160000,
2.03519578800000	-1.4202770330000,
1.25457284400000	-1.1116401420000,
3.92396110900000	-1.9532698990000,
3.66131993300000	-1.8645126390000,
2.20728880600000	-1.4317304640000,
1.17883167900000	-1.0819380840000,
3.87412233900000	-2.0495035440000,
2.16066568200000	-1.4763213300000,
3.40623462900000	-1.7961832940000,
3.47829100400000	-1.8621994210000,
2.63275504600000	-1.6669446460000,
0.311091510000000	-0.5205941430000,
1.73310371300000	-1.2173851380000,
1.70822054100000	-1.2420754620000,
0.719576959000000	-0.8970159490000,
2.65533784900000	-1.6074995340000,
2.30266673000000	-1.5683465470000,
2.06772808100000	-1.4623892420000,
0.378417504000000	-0.6586132550000,
3.96019449800000	-1.9752405520000,
2.24120770700000	-1.4690573710000,
2.57913971600000	-1.6217904140000,
2.63896065500000	-1.6765153530000,
2.22837454400000	-1.5483250990000,
1.02524180600000	-1.0336551060000,
0.400654929000000	-0.7328095270000,
0.314788637000000	-0.5723945360000,
2.54277053700000	-1.5435872250000,
2.91451055000000	-1.6878435850000,
1.48467756800000	-1.2012509780000,
0.842490586000000	-0.8942324580000,
2.73866298600000	-1.5782095750000,
0.954148593000000	-0.9566679680000,
1.97077690700000	-1.3750450230000,
0.222678016000000	-0.3872483450000,
0.652412832000000	-0.8038501100000,
0.839983575000000	-0.9333751930000,
1.27379726300000	-1.1524896750000,
3.58126586100000	-1.8696000460000,
2.29378307200000	-1.5781182920000,
0.776221996000000	-0.9400088810000,
3.20712103800000	-1.7676595780000,
2.20062246200000	-1.4954762240000,
2.31694984200000	-1.5065620050000,
0.410663676000000	-0.6526615620000,
1.98354685200000	-1.4164967040000,
2.64248976500000	-1.6107199710000,
1.87017590700000	-1.3551081420000,
1.94382025800000	-1.3807803610000,
0.485329069000000	-0.6335239180000,
3.40762129600000	-1.8092669590000,
0.0474740800000000	-0.2319379170000,
1.43499783100000	-1.2506629830000,
1.69334639100000	-1.2490044440000,
2.35133389700000	-1.5886135030000,
2.56901537800000	-1.5482366460000,
0.623160669000000	-0.7848415580000,
2.75906227200000	-1.7007991600000,
1.90926526800000	-1.3583687080000,
3.55650261600000	-1.9286990290000,
1.03084625700000	-0.9995671570000,
3.85920253500000	-1.9169869900000,
0.643418650000000	-0.8516396660000,
0.0906514210000000	-0.3689044280000,
1.10251038000000	-1.0682976840000,
3.18908570100000	-1.7922255350000,
0.485669318000000	-0.5734957280000,
3.92540555000000	-1.9543421420000,
3.92956591000000	-1.9856930540000,
0.276295131000000	-0.5361673160000,
2.00450395800000	-1.3547111810000,
3.98685181800000	-1.9494059450000,
3.38676987900000	-1.8412621770000,
1.04421879700000	-1.1253269510000,
3.83760221300000	-1.9624409160000,
3.23120174500000	-1.8369653820000,
2.92558503300000	-1.7236426470000,
3.21461704200000	-1.7586241020000,
3.77412523800000	-1.9768537510000,
0.927589216000000	-0.9650532170000,
1.20099326400000	-1.0569296910000,
1.21903623700000	-1.2093869370000,
2.40082104900000	-1.4765105960000,
3.87011575600000	-2.1009628770000,
1.44782950600000	-1.1332580570000,
1.40057206200000	-1.0679867260000,
1.28120665600000	-1.0923514630000,
1.48208767500000	-1.2981932430000,
1.48576043400000	-1.2535719910000,
1.33628610200000	-1.2170424680000,
2.85196916200000	-1.7730891160000,
2.02026824700000	-1.3552053350000,
3.41187423800000	-1.9090597050000,
1.18475110800000	-1.0444354060000,
3.65456799600000	-1.8194493690000,
1.01814170000000	-1.0435468930000,
1.12468401800000	-0.0634871790000,
0.959593569000000	-0.0709384040000,
0.964412280000000	0.09753517300000,
1.16552700300000	-0.0613190770000,
0.905689721000000	-0.1016752640000,
0.884817143000000	-0.0001288110000,
0.979876731000000	-0.1120061970000,
0.968001702000000	-0.3082950200000,
1.21324435000000	0.05912782300000,
1.02916920200000	0.06193093700000,
1.13253596800000	0.07476598200000,
0.912796196000000	-0.0681672630000,
1.20568980500000	-0.1353393720000,
1.02849687700000	0.15905135100000,
0.900896817000000	-0.1243187120000,
1.07871424900000	0.05816910200000,
0.950497737000000	-0.0660989100000,
1.01710778000000	0.03869371300000,
1.01105710700000	-0.0970359630000,
0.995803787000000	-0.0755898340000,
0.899740161000000	0.11756494800000,
1.08755104400000	0.07186291600000,
1.11037817000000	0.02966346100000,
0.961978943000000	0.04367211900000,
1.15067268300000	0.10944294200000,
1.15452703100000	0.01828619600000,
1.13468700100000	0.06099058800000,
0.923471778000000	0.14618955300000,
0.963580442000000	0.01570941000000,
0.927567988000000	-0.0012803510000,
0.962649479000000	-0.0897563350000,
1.01683980100000	-0.1053617010000,
1.19209088100000	-0.1803104260000,
0.894607465000000	0.04935672800000,
1.02443876300000	-0.1236907960000,
0.945580150000000	-0.0117873570000,
0.892546789000000	-0.0686139330000,
0.970160876000000	0.11141825900000,
0.910942683000000	-0.0325408890000,
1.10454151100000	0.00852227300000,
1.13303876400000	0.02740404100000,
0.989634327000000	0.06526825700000,
0.881048977000000	-0.0454101590000,
0.860178545000000	0.02111177200000,
1.02673537400000	-0.0885691660000,
1.20248313900000	-0.0182045500000,
0.870470487000000	0.06500360300000,
1.03757576500000	-0.1110469910000,
1.11659963400000	0.00752938200000,
1.10582321200000	0.02977471900000,
0.894718195000000	0.03634292200000,
0.902948929000000	0.01425696800000,
1.01993701000000	0.11351760800000,
0.954979871000000	0.02123897900000,
0.998075451000000	0.08327757100000,
1.01817314400000	-0.0033443060000,
0.862104518000000	-0.0638637430000,
1.10123486500000	0.20677954200000,
1.25993701400000	-0.0422020630000,
1.07198018400000	-0.1669663280000,
1.02567696900000	-0.0485438230000,
1.14042863400000	-0.1045962050000,
0.904654579000000	0.10640082800000,
1.01090189600000	-0.0546957920000,
0.939013176000000	-0.1693803510000,
0.842985526000000	0.08187359600000,
1.00208686500000	-0.0979615800000,
1.07077726900000	-0.0909406660000,
1.11268348600000	-0.0363731000000,
1.00103933600000	0.14198560300000,
1.18493653700000	0.09377663900000,
1.05438947100000	-0.1045941030000,
1.24379679200000	0.08695120900000,
1.05107345500000	0.02504295300000,
1.06113931200000	0.05744754600000,
1.05690727900000	-0.0157923580000,
0.869137910000000	0.03384466600000,
1.03949292900000	0.00158678100000,
0.891400678000000	-0.1360757350000,
0.947536076000000	0.08050073500000,
1.16031364500000	-0.1016911090000,
1.08434825600000	0.04600973400000,
0.895945441000000	0.09812265100000,
1.19468432400000	0.10675680300000,
1.01485356700000	0.00962162300000,
1.05622199500000	0.09826987800000,
1.09029958800000	-0.0352922250000,
0.853136768000000	-0.0644790250000,
1.01167749400000	0.11223172000000,
0.946342316000000	0.07274918400000,
0.933070537000000	0.23230959800000,
0.985785261000000	-0.0725404250000,
1.14171167900000	-0.1226812750000,
1.07344874100000	0.09653275100000,
0.923483153000000	0.17670966000000,
0.842146650000000	0.00298407800000,
1.01883883800000	-0.0690295350000,
1.03658305600000	0.00691612300000,
0.981192430000000	0.29069328200000,
1.02672393300000	-0.1537455540000,
1.98037187500000	0.23914611300000,
1.94783130500000	0.13833502800000,
1.95872320000000	-0.1932619560000,
1.89705501300000	-0.0144003210000,
1.83866628500000	0.00782496400000,
1.77119091900000	0.07685572400000,
2.08906009300000	-0.1567249900000,
1.91461066900000	-0.0839234460000,
2.09690657300000	-0.0568838610000,
1.76742119200000	-0.0099350670000,
2.00546927200000	-0.0185754550000,
2.02367575300000	0.15283118500000,
1.95990258800000	-0.0926430830000,
1.85373398900000	-0.0143118940000,
2.00746400300000	0.23066590900000,
2.01173842300000	-0.2760578310000,
2.09559331000000	-0.1459277270000,
2.08871632800000	-0.1134748780000,
1.81649954600000	0.10403281200000,
2.11120992300000	0.03563539600000,
1.94392264200000	0.00774948200000,
2.00588578600000	-0.0794606210000,
1.97796972600000	-0.1999138370000,
1.81973103100000	-0.1784124180000,
1.94278675500000	-0.1243791430000,
1.84028977100000	0.03431914600000,
2.00614177100000	0.11065940000000,
2.09871182000000	-0.0717816940000,
1.97591797500000	0.18388786200000,
1.89823621600000	0.13681583800000,
2.10880624400000	-0.1492646260000,
2.16855839100000	-0.0925703920000,
1.95503578800000	-0.1013986910000,
1.84085714000000	0.17331452100000,
2.14313308100000	-0.1091766310000,
1.83141991300000	-0.1596303380000,
2.16258298300000	0.03366139500000,
1.89597844200000	0.16341742700000,
1.99288934100000	0.02572514500000,
2.05558473100000	0.20377028900000,
1.95247241700000	-0.2213771830000,
1.82756027700000	-0.3148892440000,
2.09329043400000	0.19395815900000,
1.98897503400000	0.13099244400000,
2.05603380200000	0.24400466100000,
2.09267791500000	0.09829732200000,
2.17215383600000	0.08737761600000,
2.10494098200000	0.19652733400000,
2.07227235800000	-0.0816456190000,
1.93220347800000	0.07162126400000,
2.06398067000000	-0.0617804070000,
2.24016324100000	0.10059566900000,
2.14296124000000	0.11087603900000,
1.96321630100000	0.09873327300000,
2.23782949000000	0.06836259200000,
2.06247234200000	-0.0216355710000,
1.76489408500000	0.02065693700000,
2.02471924400000	-0.1020778020000,
1.83131602500000	0.15522399400000,
2.12679299800000	-0.0770351740000,
1.97833004200000	0.07818416900000,
1.90924275000000	0.05652938900000,
2.09528967400000	-0.1538331160000,
1.92720916200000	0.07137343500000,
1.95310673800000	-0.2577825370000,
1.75791231500000	-0.0532602430000,
1.96938416500000	0.20462336500000,
2.01376234400000	0.03718666600000,
1.86624320100000	-0.1317265680000,
2.00693407900000	-0.0351278300000,
1.79799953100000	-0.0858217260000,
1.81092329200000	0.25667085300000,
1.73715781000000	0.17302979100000,
2.15781104600000	-0.0125055730000,
1.85728589000000	-0.0223535010000,
2.23331671700000	0.07714809000000,
1.79818002600000	-0.1144119580000,
2.05269579000000	-0.1417426240000,
1.86412527100000	-0.2550259540000,
1.96348003900000	0.08992912300000,
1.73172120600000	-0.0605788890000,
2.21814758200000	-0.1535797050000,
2.23681577800000	0.06847282300000,
1.83513978900000	0.29585768200000,
2.10731869400000	-0.0367536560000,
2.10081358400000	-0.2238012780000,
1.89561056900000	-0.0990285870000,
2.07401229500000	-0.0026535080000,
2.07973603600000	-0.1471644440000,
2.00054022100000	0.04333611100000,
2.02273263800000	-0.1472314210000,
2.05993584800000	-0.1005945950000,
2.12456661700000	0.09987308900000,
2.00914430800000	-0.0249815600000,
1.96841259000000	0.13717404500000,
2.18371793800000	0.27761457700000,
2.30925080400000	0.06837397600000,
2.25612478400000	0.15470928800000,
2.15265010100000	-0.1547585530000,
2.24529773500000	0.28099622700000,
3.01465424600000	-0.1304953250000,
2.68169444100000	0.27062999800000,
2.77486242800000	0.03147166500000,
3.02075899500000	-0.1733037320000,
3.11245379600000	-0.1594820730000,
3.00815991000000	-0.0175185860000,
3.19756718100000	0.17033745300000,
3.05992676300000	0.07770689200000,
2.79027960300000	-0.0171197530000,
2.74435010100000	-0.0966082040000,
3.05546831400000	-0.0914213490000,
3.15848126200000	-0.1705400490000,
3.06685017500000	-0.2405086730000,
2.85290286800000	0.33638538500000,
2.62773179100000	-0.2052614160000,
2.85510860800000	-0.2496609950000,
3.21305416200000	0.00059509900000,
2.68573459200000	-0.0442452160000,
3.02956790000000	0.07110783500000,
2.97660101700000	-0.0268987320000,
3.04350828400000	-0.1400063780000,
2.77221171000000	0.11325998100000,
2.89450775200000	0.07000263500000,
2.99774784900000	-0.3491292970000,
2.67411518100000	0.03690972300000,
2.81848655400000	0.08646909500000,
3.01396893700000	0.08957053600000,
2.77641041200000	-0.0355728670000,
2.91490696800000	-0.0510590330000,
3.12311079900000	0.05569673600000,
2.95330510600000	0.05020779300000,
2.97861217700000	-0.2944750450000,
3.16687303700000	-0.3390991330000,
3.27181468800000	0.06359461300000,
3.13151825900000	0.24157479600000,
2.83898959300000	0.14421249600000,
3.23953675800000	0.18693227300000,
3.07513827300000	0.10973294600000,
3.05406754400000	0.11671700200000,
2.72524860600000	0.14888707800000,
2.80599779100000	0.14092757400000,
3.25730033700000	-0.1115185650000,
3.02347795800000	0.15733512200000,
3.28624688200000	0.05564307500000,
2.84596125100000	-0.0841308170000,
2.96387048600000	0.00738165600000,
3.23746353000000	-0.1416983120000,
2.75617469300000	0.18024567400000,
2.80727178300000	-0.0777106880000,
2.74467306900000	0.09587025900000,
3.24652887500000	0.25868502400000,
2.78176991400000	0.07050853200000,
3.09209435800000	0.06429099100000,
2.80749797600000	-0.1031476650000,
3.01278690500000	0.21466208200000,
3.15118143100000	-0.0922847700000,
3.09888742600000	0.06948905800000,
3.04565980800000	-0.0662772870000,
2.80791178000000	-0.0223836110000,
3.24770610300000	-0.1010203190000,
3.13640115900000	0.10168484100000,
2.99509833800000	0.29844183300000,
3.24359749900000	0.06256927000000,
3.15750304600000	-0.2287755400000,
3.40532089400000	0.21736053700000,
3.20237520500000	-0.1687329820000,
3.01441286300000	0.12421804300000,
2.43789593900000	0.17345728400000,
2.81725321000000	0.01726420100000,
3.19968541100000	-0.0268908320000,
3.11428811700000	-0.0569207110000,
3.21425491300000	-0.2809728360000,
2.83084414100000	0.37095223000000,
3.10202434100000	0.06715220600000,
2.93402238700000	0.18285725500000,
3.11694143500000	-0.1609464280000,
2.70847530300000	0.07557492400000,
2.91256312900000	-0.0702337740000,
3.00394194000000	-0.1818347700000,
2.68505265500000	-0.2692048290000,
3.05390460100000	-0.3140995150000,
2.67995082500000	-0.2096572420000,
3.10228492200000	-0.1997017800000,
3.08947487300000	-0.0282391480000,
2.95866727100000	0.09681075700000,
2.77589921000000	-0.2356735240000,
2.96074791400000	-0.0638373330000,
2.88827511000000	-0.0551571210000,
2.84879868300000	-0.0195469080000,
3.03284073800000	0.21905355900000,
3.10183634500000	0.03191115400000,
3.02756665100000	0.39844588400000,
2.90881068000000	0.20360271900000,
3.03074753200000	-0.0473955140000,
2.99616407100000	-0.0209875670000,
2.95363054700000	0.08181479300000,
2.99071036900000	0.13629470700000,
3.14922989500000	-0.2389459640000,
2.86762170800000	-0.0745637480000,
2.87401389200000	-0.3010216610000,
1.03661731000000	-1.4601320010000,
0.384426098000000	-1.7037046120000,
2.73759974400000	1.67616571800000,
1.03924781100000	1.22260517300000,
2.26190330000000	-1.6443293410000,
3.57109734900000	0.13493164300000,
3.36086457900000	1.79200793900000,
0.157021810000000	0.03796700000000,
0.432606045000000	-0.3659189300000,
2.66508000900000	-1.2401377750000,
1.17053366600000	1.72858583200000,
0.583574810000000	-0.6306445020000,
2.31798109100000	1.91674141900000,
2.01155498200000	-0.9815140440000,
2.37160908300000	-1.6383567140000,
0.611504659000000	0.03483500300000,
3.74996629500000	0.85980342700000,
2.19113554200000	1.07294605400000,
2.70848841200000	-0.2804931450000,
2.45062663600000	0.10513500300000,
2.19453019100000	1.11731259800000,
3.15946530800000	0.66464992100000,
1.21350318800000	-1.4819557160000,
2.79605703100000	1.71178913300000,
2.36391751400000	-0.0736725380000,
0.0170348340000000	0.27946858100000,
3.05262257200000	1.00463741600000,
1.03081719900000	-0.4334991250000,
1.44391914900000	0.12946975000000,
1.81277742800000	0.64207443300000,
3.38741477000000	-0.4915348590000,
2.24546074200000	0.12861500600000,
0.321170458000000	-1.4764135320000,
2.30174673300000	1.82292394400000,
3.46885232300000	-0.2300944220000,
0.793691030000000	0.43332601900000,
2.76013126100000	1.48638025700000,
3.90262123100000	-1.9801652360000,
3.17880955200000	-0.6736914340000,
3.87549506100000	0.80727347800000,
2.54437820900000	1.06020778200000,
1.76292475700000	1.24167813500000,
0.669209275000000	-0.2837475310000,
3.53408333100000	-1.1302459170000,
2.54848923600000	1.67971281000000,
2.59110412100000	0.71783163600000,
3.89817445200000	1.29232851100000,
1.69552932500000	-1.8585312900000,
1.06210949100000	0.46084304200000,
1.07719984900000	0.79754295200000,
3.45035904400000	-0.6194161230000,
1.89851579600000	-0.8171109600000,
1.32620185100000	1.99545383600000,
0.967565435000000	1.67676141100000,
0.586619993000000	-1.6252155870000,
3.94438696700000	1.59214803700000,
2.80531222900000	-0.6978762770000,
2.41446211600000	0.01678401000000,
2.86770129600000	1.96851747500000,
0.641930184000000	-1.2240421110000,
1.33423376600000	0.05738752400000,
1.97499456800000	-0.9289988660000,
1.90456703200000	-0.5755826500000,
1.19753035900000	0.34894809700000,
0.972469848000000	0.16483423900000,
1.83983759600000	1.70805546700000,
3.50294882800000	1.09224853600000,
2.29243198700000	0.02511655400000,
2.62208282500000	0.59517966200000,
0.768287239000000	1.90324583600000,
1.47226502700000	-1.6146004140000,
0.879338728000000	0.56394236300000,
0.950085680000000	-1.5395580010000,
1.63941528900000	-0.3247320460000,
1.85619206900000	-0.1511719070000,
3.13189522800000	-0.1478349200000,
3.13733120700000	-1.8034841890000,
3.61353439400000	0.56379111000000,
3.58572503300000	-1.6533852820000,
0.154266970000000	-0.0809927710000,
3.27083711500000	0.93628990400000,
0.858987882000000	1.32768992100000,
0.122521993000000	-0.2621938870000,
3.52953679300000	-1.8077281420000,
1.76309140200000	1.08774025100000,
0.692655132000000	0.49103750400000,
3.04709011200000	-1.6619632770000,
0.0863546280000000	-1.5808297630000,
1.80638083300000	-1.5007185780000,
0.105075498000000	-0.1223082270000,
2.35672290000000	-1.6130082100000,
0.737187443000000	0.32294227700000,
1.93357155900000	1.64888410700000,
2.71571738200000	-1.1498877270000,
2.07601245700000	0.93091139400000,
3.94882534200000	-0.0395158960000,
0.397599214000000	1.66367693600000,
1.99712508900000	-0.4274528060000,
2.34577028200000	0.56115436200000,
0.746483324000000	1.28899397200000,