158	211
161	208
161	203
162	212
163	206
164	212
164	205
166	206
166	207
167	206
168	209
168	206
169	214
170	210
170	208
171	206
171	208
172	207
173	198
173	205
175	205
175	206
175	208
176	219
176	216
177	88
177	147
177	208
178	201
178	53
178	209
178	212
179	164
179	202
179	47
179	209
179	63
179	208
179	212
180	208
180	128
180	83
180	219
180	133
181	39
181	175
181	207
181	200
181	211
182	199
182	119
182	156
182	178
182	120
182	200
182	81
183	155
183	156
183	106
183	211
183	202
183	159
183	131
183	58
183	45
183	205
183	158
184	104
184	196
184	127
184	125
184	75
184	167
184	179
184	198
184	168
184	129
184	74
184	67
184	76
185	167
185	200
185	208
185	212
185	122
185	152
185	204
185	136
185	130
185	159
185	102
185	118
185	46
185	169
185	57
185	117
185	92
185	173
186	53
186	56
186	59
186	130
186	80
186	166
186	204
186	122
186	99
186	114
186	46
186	202
186	158
186	119
186	73
186	146
186	67
186	150
186	84
186	76
187	73
187	79
187	127
187	176
187	131
187	111
187	173
187	114
187	105
187	86
187	78
187	108
187	57
187	122
187	136
187	169
187	163
187	126
187	81
187	94
187	183
187	123
187	209
187	120
187	184
187	109
188	74
188	205
188	210
188	209
188	150
188	158
188	151
188	121
188	91
188	102
188	161
188	154
188	69
188	167
188	97
188	180
188	207
188	179
188	58
188	54
188	149
188	110
188	127
188	82
188	139
188	96
188	125
188	106
188	112
188	204
189	88
189	96
189	99
189	89
189	59
189	164
189	78
189	161
189	129
189	112
189	205
189	136
189	202
189	67
189	134
189	142
189	102
189	60
189	115
189	79
189	158
189	64
189	123
189	108
189	103
189	144
189	85
189	53
189	172
190	95
190	71
190	173
190	169
190	196
190	57
190	158
190	210
190	126
190	93
190	69
190	86
190	202
190	131
190	137
190	198
190	153
190	167
190	166
190	175
190	58
190	108
190	85
190	148
190	179
191	60
191	68
191	65
191	67
191	110
191	143
191	96
191	107
191	72
191	112
191	160
191	141
191	57
191	105
191	75
191	120
191	167
191	92
191	114
191	93
191	56
191	73
191	174
191	155
192	89
192	60
192	127
192	159
192	147
192	160
192	95
192	130
192	148
192	114
192	96
192	119
192	150
192	77
192	72
192	67
192	55
192	100
192	176
192	164
192	120
192	142
192	175
193	164
193	89
193	88
193	161
193	78
193	86
193	134
193	205
193	62
193	147
193	100
193	184
193	91
194	131
194	161
194	68
194	94
194	96
194	93
194	92
194	165
194	211
194	59
194	105
194	49
194	54
194	202
194	208
195	84
195	61
195	159
195	117
195	166
195	157
195	206
195	158
195	116
196	133
196	60
196	119
196	62
196	95
196	120
196	98
196	210
197	68
197	118
197	70
197	210
197	63
197	86
197	60
197	59
197	78
197	69
198	59
198	208
198	62
198	70
198	204
198	60
199	167
199	155
199	62
199	54
199	206
199	196
199	58
199	101
199	70
199	154
199	66
199	103
200	209
200	141
200	216
200	56
200	68
201	211
201	200
201	205
201	208
201	80
201	134
202	66
202	87
202	54
203	60
203	201
203	212
203	49
203	53
204	52
204	208
204	203
205	203
205	59
205	58
205	209
205	205
205	206
205	62
206	202
206	203
206	56
207	220
207	58
207	206
207	216
207	49
208	60
208	59
208	203
208	74
208	53
208	62
208	57
208	54
208	210
209	209
209	212
209	56
210	61
210	115
210	125
210	207
210	77
210	56
211	202
211	206
211	55
211	212
211	63
211	204
211	209
212	200
212	210
212	207
212	47
212	126
212	206
213	210
213	121
213	57
214	62
214	57
214	56
214	124
214	50
214	118
215	181
215	130
215	219
215	207
215	114
215	208
215	199
216	199
216	195
216	59
216	119
216	56
216	55
216	130
216	47
216	112
216	62
217	218
217	106
217	121
217	58
217	63
218	55
218	171
218	113
218	206
218	174
218	60
218	209
218	58
218	207
219	137
219	55
219	211
219	208
219	130
219	115
219	160
219	124
219	164
219	183
220	162
220	211
220	128
220	121
220	201
220	112
220	204
220	57
220	67
221	207
221	181
221	169
221	209
221	62
221	211
221	127
221	129
221	122
221	136
221	210
222	124
222	211
222	56
222	114
222	50
222	128
222	64
222	62
222	118
222	159
222	207
222	212
222	174
223	213
223	124
223	119
223	211
223	172
223	63
223	210
223	57
223	123
223	59
224	113
224	58
224	110
224	206
224	169
224	106
224	119
224	127
224	167
224	177
224	136
224	130
224	175
224	183
225	64
225	160
225	111
225	125
225	62
225	118
225	54
225	205
225	210
225	53
225	115
225	110
225	55
225	181
226	169
226	129
226	208
226	57
226	161
226	176
226	159
226	135
226	136
226	123
227	183
227	55
227	122
227	58
227	210
227	208
227	179
227	110
227	115
228	165
228	127
228	213
228	55
228	208
228	51
228	177
228	176
228	130
228	116
228	198
228	122
228	124
228	59
229	117
229	134
229	110
229	67
229	55
229	105
229	174
229	170
229	203
229	212
229	162
229	171
229	163
229	56
230	180
230	173
230	57
230	55
230	58
230	119
230	121
230	62
231	121
231	213
231	169
231	215
231	62
231	131
231	170
231	209
231	164
231	125
231	162
232	56
232	204
232	156
232	212
232	114
232	170
232	116
232	122
232	118
232	213
233	214
233	106
233	177
233	128
233	178
233	216
233	62
233	132
233	60
233	172
233	164
234	130
234	62
234	215
234	114
234	172
234	165
234	123
234	204
234	206
234	55
234	212
234	110
234	174
234	60
235	157
235	63
235	60
235	163
235	209
235	67
235	174
235	112
235	54
235	120
235	208
235	211
235	115
235	62
235	119
235	58
235	206
235	129
235	161
235	105
236	157
236	165
236	58
236	208
236	119
236	170
236	185
236	207
236	181
236	118
236	201
237	182
237	184
237	58
237	56
237	117
237	57
237	213
237	209
237	121
238	63
238	62
238	61
238	127
238	166
238	72
238	209
238	170
238	177
238	173
238	52
238	162
238	157
239	61
239	211
239	210
239	62
239	65
239	169
239	113
239	176
239	115
239	116
239	209
239	118
239	161
240	207
240	105
240	168
240	58
240	59
240	62
240	212
240	171
240	60
240	167
240	111
240	116
240	61
240	204
240	216
240	46
240	219
240	183
240	124
240	109
241	161
241	58
241	173
241	66
241	59
241	207
241	172
241	129
241	163
241	63
241	211
242	110
242	161
242	178
242	117
242	113
242	158
242	51
242	204
242	109
243	212
243	204
243	63
243	117
243	180
243	205
243	206
243	199
243	183
243	109
244	65
244	56
244	109
244	200
244	210
244	215
244	67
244	205
244	213
244	167
244	209
244	59
244	211
245	162
245	219
245	56
245	183
245	169
245	116
246	61
246	170
246	169
246	175
246	156
246	187
246	168
246	199
247	212
247	166
247	159
247	64
247	161
247	201
247	59
247	171
247	66
248	115
248	169
248	59
248	206
248	210
248	162
249	209
249	163
249	57
249	168
250	68
250	65
250	202
250	161
250	169
250	207
251	203
251	208
251	62
251	181
251	213
252	211
252	209
252	167
252	64
252	204
252	216
252	59
252	60
252	55
252	57
252	201
253	64
253	211
253	207
253	67
254	212
254	56
254	62
254	63
254	211
254	205
254	49
254	215
255	59
255	202
255	72
255	64
255	203
255	217
255	67
256	56
256	74
257	208
257	60
257	203
257	62
257	57
257	215
257	211
257	58
257	210
258	206
258	68
258	210
258	211
259	57
259	206
259	201
259	209
259	58
259	62
260	213
260	212
260	206
260	61
260	202
260	210
261	59
261	65
261	64
262	204
262	56
262	214
262	59
262	211
263	56
263	209
264	206
265	61
265	210
266	58
266	55
266	217
266	208
266	57
266	207
267	66
267	59
267	203
267	204
267	213
268	60
268	205
268	207
268	117
268	63
268	55
268	137
269	68
269	135
269	112
269	211
269	62
269	203
269	126
269	120
270	59
270	113
270	110
270	214
270	217
270	56
270	57
270	119
270	196
271	206
271	213
271	61
271	115
271	212
272	69
272	58
272	127
272	133
273	117
273	61
273	212
273	107
273	205
273	115
273	125
273	58
273	57
273	182
273	210
273	202
273	128
274	124
274	206
274	203
274	210
275	62
275	197
275	52
275	118
275	158
275	54
275	163
275	213
275	115
275	120
275	59
275	114
275	209
276	62
276	166
276	177
276	122
276	174
276	131
276	163
276	54
276	173
276	213
276	65
276	209
276	64
277	61
277	60
277	109
277	212
277	138
277	172
277	155
277	210
277	115
277	58
277	171
277	112
278	202
278	197
278	115
278	112
278	108
278	179
278	118
278	117
279	207
279	211
279	180
279	58
279	63
279	171
279	214
279	123
279	163
279	209
279	112
279	56
280	124
280	135
280	111
280	113
280	173
280	49
280	112
280	127
280	131
280	129
280	109
280	167
280	169
281	131
281	212
281	166
281	158
281	61
281	209
281	109
281	112
281	124
281	58
281	64
281	180
281	206
281	163
281	122
282	125
282	135
282	120
282	63
282	207
282	172
282	180
282	110
282	57
282	59
282	159
282	121
282	113
282	124
282	178
283	129
283	201
283	117
283	61
283	209
283	206
283	119
283	128
283	210
283	207
283	185
283	56
283	200
283	178
283	203
284	122
284	164
284	172
284	160
284	106
284	118
284	59
285	57
285	127
285	60
285	181
285	131
285	58
285	117
285	69
285	173
285	169
285	204
285	208
285	212
286	176
286	177
286	166
286	132
286	168
286	161
286	59
286	158
286	114
286	128
286	121
286	162
287	121
287	202
287	59
287	57
287	211
287	115
287	130
287	56
287	110
288	208
288	131
288	64
288	209
288	63
288	115
288	206
288	160
288	55
288	114
288	59
288	178
288	53
288	113
288	58
288	61
288	126
288	112
288	211
289	173
289	211
289	114
289	165
289	215
289	170
289	175
289	200
289	160
289	168
290	60
290	62
290	160
290	57
290	211
290	113
290	116
290	182
290	122
290	161
290	61
290	214
290	120
291	180
291	171
291	161
291	56
291	186
291	165
291	211
291	117
292	133
292	173
292	176
292	122
292	109
292	209
292	62
292	210
292	157
292	127
292	134
292	168
293	208
293	163
293	115
293	110
293	123
293	213
293	158
293	60
293	172
293	120
293	56
293	128
293	203
294	63
294	134
294	213
294	110
294	120
294	169
294	175
294	216
295	169
295	205
295	167
295	114
295	168
295	160
295	119
295	209
295	178
295	164
295	157
295	113
295	53
296	207
296	167
296	115
296	168
296	180
296	62
296	118
296	211
296	181
296	164
296	163
296	64
296	171
296	165
296	204
296	213
297	161
297	171
297	128
297	213
298	129
298	210
298	127
298	178
298	58
298	201
298	59
298	208
298	60
298	206
298	53
299	178
299	173
299	199
299	180
299	61
299	132
299	166
299	63
299	164
299	115
299	204
299	198
300	210
300	161
300	60
300	211
300	173
300	167
300	63
300	208
300	204
301	59
301	47
301	112
301	158
301	202
301	125
301	164
301	176
301	57
301	53
302	208
302	168
302	61
302	216
302	180
302	159
302	211
302	172
302	60
302	63
302	129
302	206
303	175
303	219
303	64
304	59
304	169
304	163
304	111
305	172
305	59
305	211
305	206
305	60
306	199
306	205
306	201
306	172
307	60
307	207
307	57
307	209
308	210
309	214
309	60
309	58
309	55
310	171
310	211
310	68
310	59
311	54
311	64
311	208
311	63
311	209
311	49
311	57
311	212
312	210
312	49
312	207
313	211
313	60
314	209
314	59
314	210
314	56
314	203
314	67
314	58
315	212
315	62
315	209
316	57
316	203
316	209
316	60
316	59
316	207
316	64
316	213
317	210
317	56
317	204
317	215
317	214
317	63
318	70
318	58
318	199
319	62
319	64
319	65
319	207
319	66
320	62
320	56
320	58
320	59
321	210
321	55
321	205
321	207
321	65
321	61
322	214
322	59
322	205
322	203
323	208
323	204
323	61
323	213
323	65
323	48
323	56
324	156
324	58
324	60
324	56
325	206
325	204
325	61
326	60
326	134
326	55
327	60
327	50
327	52
327	129
327	158
328	201
328	208
328	209
328	210
329	60
329	213
329	212
329	146
329	210
329	53
329	57
329	110
329	58
330	212
330	64
330	115
331	123
331	52
331	177
331	57
331	50
331	103
331	60
331	143
331	205
331	154
331	209
331	63
332	164
332	64
332	57
332	210
332	211
332	156
332	55
332	213
332	52
332	214
332	131
332	117
332	60
333	108
333	217
333	60
333	56
333	65
333	199
333	91
333	140
333	133
333	154
333	206
333	119
333	210
333	132
333	102
334	200
334	202
334	127
334	124
334	58
334	59
334	152
334	162
334	151
334	87
334	207
334	167
334	221
335	92
335	112
335	93
335	115
335	64
335	89
335	211
335	53
335	57
335	183
335	145
335	86
335	123
335	102
335	152
335	96
335	111
335	99
335	193
336	157
336	153
336	119
336	199
336	182
336	108
336	126
336	53
336	123
336	124
336	110
336	164
336	149
336	206
336	86
337	152
337	142
337	213
337	129
337	54
337	109
337	178
337	193
337	127
337	146
337	186
337	164
337	124
337	201
337	133
337	158
337	136
337	149
337	203
337	207
338	104
338	209
338	155
338	63
338	114
338	150
338	128
338	152
338	201
338	137
338	141
338	126
338	124
338	58
338	165
338	130
338	144
338	208
338	129
338	148
338	213
338	60
338	212
338	90
338	175
338	103
339	173
339	190
339	167
339	163
339	57
339	142
339	194
339	108
339	162
339	195
339	197
339	206
339	140
339	168
339	64
339	172
339	130
339	120
339	158
339	113
339	180
339	156
339	189
339	151
340	56
340	187
340	159
340	163
340	144
340	110
340	214
340	94
340	143
340	92
340	47
340	118
340	201
340	58
341	195
341	173
341	57
341	175
341	91
341	164
341	168
341	92
341	136
341	119
341	202
341	143
341	65
341	192
341	184
341	188
341	132
342	105
342	176
342	60
342	58
342	192
342	145
342	55
342	190
342	197
342	103
342	139
342	118
342	193
342	57
342	48
342	189
342	152
342	115
342	124
342	143
342	179
342	194
342	121
342	163
343	148
343	146
343	169
343	142
343	174
343	56
343	179
343	46
343	135
343	202
343	199
343	140
343	152
343	204
343	155
343	115
343	153
343	183
343	168
344	209
344	58
344	158
344	111
344	113
344	52
344	124
344	46
344	204
344	154
344	199
344	60
344	166
344	170
345	200
345	55
345	185
345	129
345	52
345	150
345	199
345	153
345	209
345	212
345	187
346	117
346	214
346	192
346	54
346	60
346	181
347	206
347	137
347	170
347	195
347	185
348	191
348	53
348	184
348	61
348	193
348	62
348	43
348	197
349	201
350	168
350	56
350	62
350	58
350	189
351	60
351	62
351	59
351	52
352	47
352	61
352	55
352	54
353	56
353	142
354	66
354	57
355	64
355	57
357	59
359	53
359	60
360	54
360	53
360	58
362	54
363	69
363	57
364	64
364	55
365	56
366	58
366	61
367	56
368	63
368	59
369	58
370	61
370	45
373	56
374	69
374	61
375	59
376	61
376	52
377	56
377	60
378	63
378	60
378	57
380	61
381	60
382	59
383	64
383	57
384	64
384	56
386	53
386	60
388	62
389	66
389	59
391	62
391	66